3 1
6 2
9 3
12 6
6 7
9 11
4 13
2 14
5 15
7 16
9 17
10 18
11 20
5 21
8 22
10 23
11 24
12 26
6 27
9 28
10 29
11 32
5 33
8 34
10 36
5 37
8 38
10 39
11 40
12 42
6 43
9 44
10 45
11 46
12 50
6 51
9 52
10 54
5 56
2 57
5 58
7 59
9 60
10 61
11 62
12 64
6 69
3 70
6 71
8 72
10 73
11 75
5 76
8 77
10 79
5 81
2 82
5 83
7 85
3 86
6 88
3 89
6 90
8 91
10 95
5 96
8 97
10 98
11 99
12 101
6 102
9 103
10 104
11 105
12 106
13 107
14 108
15 111
7 112
10 113
11 114
12 115
13 117
6 118
9 120
4 121
7 123
3 124
6 125
8 126
10 127
11 129
5 131
2 132
5 134
2 135
5 136
7 137
9 138
10 139
11 140
12 141
13 142
14 149
7 150
10 151
11 153
5 154
8 157
4 158
7 159
9 160
10 161
11 162
12 164
6 165
9 166
10 167
11 168
12 169
13 170
14 171
15 172
16 174
8 176
4 177
7 178
9 181
4 182
7 183
9 184
10 185
11 190
5 191
8 192
10 194
5 195
8 196
10 200
5 201
8 202
10 204
5 205
8 207
4 208
7 209
9 211
4 212
7 214
3 215
6 217
3 218
6 219
8 220
10 221
11 222
12 223
13 225
6 226
9 228
4 229
7 230
9 231
10 233
5 235
2 236
5 237
7 239
3 240
6 241
8 242
10 246
5 247
8 250
4 251
7 252
9 253
10 254
11 256
5 257
8 258
10 260
5 261
8 264
4 265
7 266
9 267
10 268
11 269
12 274
6 275
9 276
10 277
11 280
5 281
8 282
10 284
5 285
8 287
4 288
7 292
3 293
6 294
8 296
4 297
7 299
3 301
1 302
4 304
2 305
5 307
2 308
5 309
7 310
9 312
4 313
7 314
9 315
10 316
11 317
12 320
6 321
9 323
4 324
7 325
9 326
10 327
11 328
12 330
6 331
9 332
10 334
5 335
8 338
4 339
7 341
3 342
6 344
3 345
6 346
8 347
10 350
5 351
8 352
10 353
11 354
12 356
6 358
3 359
6 361
3 362
6 363
8 366
4 367
7 368
9 369
10 370
11 371
12 372
13 374
6 375
9 376
10 377
11 379
5 380
8 382
4 383
7 384
9 385
10 386
11 387
12 388
13 389
14 392
7 394
3 395
6 396
8 397
10 398
11 399
12 401
6 402
9 403
10 405
5 408
2 409
5 410
7 411
9 412
10 413
11 414
12 415
13 418
6 419
9 420
10 421
11 422
12 424
6 425
9 428
4 429
7 430
9 433
4 434
7 435
9 436
10 437
11 438
12 440
6 441
9 442
10 443
11 444
12 445
13 447
6 448
9 451
4 452
7 453
9 456
4 457
7 458
9 460
4 461
7 462
9 463
10 464
11 465
12 467
6 468
9 469
10 471
5 474
2 475
5 476
7 477
9 480
4 481
7 482
9 483
10 485
5 486
8 487
10 488
11 489
12 490
13 492
6 494
3 495
6 496
8 497
10 498
11 499
12 500
13 502
6 503
9 504
10 506
5 507
8 508
10 509
11 510
12 511
13 515
6 516
9 518
4 521
2 522
5 523
7 525
3 526
6 527
8 529
4 530
7 531
9 532
10 534
5 536
2 538
1 539
4 540
7 541
9 542
10 543
11 544
12 546
6 547
9 549
4 550
7 551
9 553
4 554
7 555
9 556
10 558
5 559
8 560
10 561
11 563
5 565
2 566
5 567
7 568
9 569
10 570
11 575
5 576
8 580
4 581
7 582
9 584
4 585
7 586
9 587
10 588
11 589
12 591
6 593
3 594
6 596
3 597
6 598
8 599
10 600
11 601
12 608
6 610
3 612
1 613
4 614
7 615
9 616
10 619
5 620
8 621
10 622
11 623
12 626
6 627
9 628
10 629
11 631
5 632
8 633
10 635
5 636
8 637
10 639
5 640
8 641
10 645
5 647
2 648
5 650
2 651
5 653
2 654
5 656
2 657
5 658
7 659
9 660
10 661
11 662
12 663
13 664
14 666
7 667
10 668
11 669
12 670
13 672
6 673
9 674
10 677
5 680
2 681
5 682
7 684
3 685
6 686
8 687
10 689
5 690
8 691
10 692
11 693
12 695
6 696
9 701
4 702
7 703
9 704
10 705
11 707
5 708
8 709
10 710
11 712
5 713
8 714
10 716
5 717
8 718
10 719
11 720
12 721
13 723
6 724
9 725
10 726
11 728
5 729
8 730
10 731
11 732
12 734
6 736
3 737
6 739
3 741
1 742
4 743
7 744
9 746
4 747
7 749
3 750
6 753
3 754
6 755
8 756
10 757
11 758
12 760
6 761
9 765
4 766
7 767
9 769
4 770
7 771
9 772
10 773
11 775
5 777
2 778
5 780
2 781
5 782
7 783
9 784
10 785
11 786
12 788
6 790
3 791
6 793
3 794
6 795
8 796
10 798
5 799
8 800
10 801
11 802
12 805
6 807
3 808
6 809
8 810
10 811
11 812
12 813
13 814
14 815
15 816
16 819
8 821
4 824
2 827
1 828
4 830
2 832
1 833
4 834
7 835
9 836
10 837
11 838
12 839
13 840
14 841
15 843
7 844
10 846
5 847
8 848
10 850
5 851
8 852
10 853
11 856
5 857
8 858
10 859
11 861
5 862
8 863
10 864
11 866
5 867
8 868
10 869
11 870
12 871
13 872
14 875
7 876
10 878
5 879
8 881
4 882
7 885
3 886
6 887
8 888
10 889
11 892
5 893
8 894
10 896
5 897
8 898
10 899
11 901
5 903
2 904
5 905
7 906
9 907
10 908
11 909
12 911
6 913
3 914
6 915
8 917
4 918
7 920
3 922
1 923
4 924
7 925
9 926
10 927
11 928
12 931
6 932
9 933
10 934
11 935
12 937
6 938
9 939
10 940
11 942
5 943
8 946
4 947
7 948
9 950
4 951
7 952
9 953
10 960
5 961
8 962
10 963
11 964
12 965
13 966
14 968
7 969
10 970
11 972
5 973
8 974
10 977
5 978
8 979
10 980
11 982
5 983
8 984
10 987
5 988
8 990
4 991
7 992
9 993
10 996
5 997
8 998
10 1001
5 1002
8 1003
10 1004
11 1005
12 1006
13 1007
14 1009
7 1010
10 1011
11 1012
12 1013
13 1014
14 1016
7 1017
10 1018
11 1019
12 1021
6 1022
9 1024
4 1025
7 1026
9 1027
10 1028
11 1029
12 1030
13 1031
14 1035
7 1036
10 1039
5 1040
8 1042
4 1043
7 1045
3 1046
6 1047
8 1048
10 1049
11 1050
12 1051
13 1054
6 1055
9 1056
10 1057
11 1059
5 1060
8 1061
10 1062
11 1064
5 1065
8 1066
10 1068
5 1069
8 1070
10 1071
11 1075
5 1076
8 1077
10 1078
11 1079
12 1083
6 1085
3 1086
6 1087
8 1088
10 1089
11 1090
12 1091
13 1094
6 1095
9 1096
10 1097
11 1099
5 1100
8 1101
10 1102
11 1103
12 1104
13 1105
14 1106
15 1107
16 1110
8 1111
11 1112
12 1115
6 1116
9 1119
4 1120
7 1123
3 1124
6 1125
8 1128
4 1129
7 1130
9 1131
10 1132
11 1133
12 1137
6 1138
9 1139
10 1140
11 1142
5 1143
8 1144
10 1145
11 1146
12 1147
13 1148
14 1149
15 1152
7 1153
10 1154
11 1156
5 1157
8 1158
10 1159
11 1160
12 1161
13 1163
6 1165
3 1166
6 1167
8 1168
10 1170
5 1171
8 1172
10 1173
11 1174
12 1175
13 1176
14 1177
15 1178
16 1179
17 1181
8 1182
11 1185
5 1186
8 1187
10 1188
11 1191
5 1192
8 1193
10 1194
11 1195
12 1196
13 1200
6 1201
9 1202
10 1203
11 1206
5 1207
8 1208
10 1210
5 1211
8 1212
10 1213
11 1214
12 1215
13 1219
6 1220
9 1221
10 1223
5 1224
8 1225
10 1228
5 1229
8 1233
4 1234
7 1235
9 1236
10 1237
11 1238
12 1239
13 1241
6 1243
3 1244
6 1245
8 1246
10 1247
11 1250
5 1252
2 1253
5 1254
7 1255
9 1256
10 1257
11 1258
12 1259
13 1261
6 1264
3 1266
1 1267
4 1268
7 1269
9 1270
10 1272
5 1273
8 1274
10 1277
5 1278
8 1279
10 1280
11 1283
5 1284
8 1285
10 1288
5 1289
8 1290
10 1291
11 1292
12 1293
13 1294
14 1298
7 1299
10 1300
11 1301
12 1303
6 1304
9 1305
10 1307
5 1308
8 1310
4 1311
7 1313
3 1314
6 1315
8 1316
10 1317
11 1318
12 1320
6 1322
3 1323
6 1324
8 1325
10 1327
5 1328
8 1329
10 1330
11 1331
12 1332
13 1336
6 1337
9 1338
10 1339
11 1341
5 1342
8 1345
4 1346
7 1347
9 1348
10 1349
11 1351
5 1352
8 1353
10 1355
5 1356
8 1358
4 1359
7 1360
9 1364
4 1365
7 1366
9 1368
4 1369
7 1371
3 1372
6 1373
8 1374
10 1375
11 1376
12 1378
6 1380
3 1382
1 1383
4 1384
7 1385
9 1389
4 1390
7 1392
3 1393
6 1394
8 1395
10 1396
11 1399
5 1400
8 1401
10 1402
11 1404
5 1406
2 1407
5 1408
7 1410
3 1411
6 1412
8 1413
10 1414
11 1415
12 1416
13 1417
14 1418
15 1420
7 1422
3 1423
6 1424
8 1425
10 1426
11 1430
5 1431
8 1433
4 1434
7 1436
3 1437
6 1439
3 1440
6 1442
3 1443
6 1444
8 1445
10 1450
5 1452
2 1453
5 1454
7 1455
9 1456
10 1458
5 1459
8 1461
4 1462
7 1463
9 1464
10 1467
5 1468
8 1469
10 1470
11 1471
12 1472
13 1473
14 1474
15 1478
7 1480
3 1481
6 1482
8 1483
10 1484
11 1486
5 1487
8 1488
10 1489
11 1491
5 1493
2 1494
5 1495
7 1496
9 1497
10 1498
11 1500
5 1501
8 1502
10 1503
11 1504
12 1505
13 1507
6 1509
3 1510
6 1511
8 1512
10 1513
11 1514
12 1515
13 1517
6 1519
3 1520
6 1522
3 1523
6 1524
8 1526
4 1527
7 1528
9 1531
4 1532
7 1533
9 1534
10 1537
5 1538
8 1539
10 1541
5 1542
8 1543
10 1544
11 1546
5 1547
8 1548
10 1550
5 1551
8 1552
10 1553
11 1554
12 1555
13 1556
14 1557
15 1558
16 1559
17 1560
18 1562
9 1564
4 1565
7 1566
9 1568
4 1570
2 1572
1 1573
4 1574
7 1577
3 1578
6 1579
8 1580
10 1582
5 1583
8 1584
10 1585
11 1586
12 1588
6 1589
9 1590
10 1591
11 1592
12 1594
6 1595
9 1596
10 1597
11 1598
12 1599
13 1600
14 1602
7 1603
10 1604
11 1605
12 1608
6 1610
3 1612
1 1613
4 1614
7 1615
9 1616
10 1617
11 1618
12 1620
6 1621
9 1623
4 1625
2 1627
1 1628
4 1629
7 1630
9 1631
10 1632
11 1633
12 1635
6 1637
3 1638
6 1639
8 1641
4 1643
2 1645
1 1646
4 1649
2 1650
5 1651
7 1652
9 1654
4 1655
7 1656
9 1659
4 1660
7 1661
9 1665
3 1666
