3 1
6 19
3 22
3 24
3 29
3 33
3 36
3 37
6 44
3 51
3 55
3 57
3 60
3 62
3 67
3 78
3 82
3 83
6 95
3 96
6 103
3 104
6 107
3 108
6 113
3 114
6 117
3 122
3 124
3 125
6 144
3 145
6 153
3 157
3 158
6 160
3 161
6 169
3 171
3 172
6 175
3 179
3 180
6 192
3 194
3 201
3 202
6 209
3 210
6 218
3 219
6 223
3 228
3 229
6 230
8 234
3 235
6 241
3 242
6 243
8 284
3 285
6 286
8 290
3 295
3 298
3 300
3 302
3 304
3 306
3 309
3 314
3 316
3 319
3 322
3 326
3 327
6 331
3 332
6 344
3 350
3 352
3 362
3 363
6 367
3 368
6 371
3 373
3 375
3 376
6 387
3 394
3 395
6 396
8 400
3 408
3 410
3 411
6 412
8 421
3 422
6 436
3 439
3 445
3 448
3 450
3 451
6 462
3 463
6 476
3 485
3 486
6 497
3 500
3 501
6 510
3 513
3 514
6 515
8 524
3 525
6 537
3 538
6 541
3 542
6 549
3 551
3 554
3 559
3 560
6 564
3 565
6 572
3 574
3 584
3 585
6 589
3 593
3 594
6 596
3 597
6 598
8 600
3 601
6 604
3 605
6 609
3 610
6 626
3 629
3 630
6 648
3 654
3 656
3 657
6 670
3 676
3 677
6 706
3 707
6 711
3 712
6 718
3 719
6 723
3 730
3 733
3 734
6 737
3 743
3 744
6 752
3 756
3 760
3 762
6 770
3 772
3 777
3 778
6 783
3 785
3 787
3 790
3 791
6 794
3 799
3 801
3 804
3 806
3 807
6 824
3 829
3 831
3 833
3 835
3 837
3 839
3 840
6 847
3 851
3 853
3 858
3 860
3 863
3 865
3 870
3 872
3 875
3 876
6 882
3 884
3 885
6 891
3 892
6 899
3 903
3 907
3 914
3 915
6 917
3 929
3 930
6 958
3 959
6 967
3 968
6 977
3 979
3 980
6 997
3 998
6 1003
3 1008
3 1013
3 1014
6 1018
3 1025
3 1027
3 1028
6 1030
3 1031
6 1032
8 1033
10 1057
3 1058
6 1060
3 1066
3 1068
3 1070
3 1071
6 1096
3 1101
3 1105
3 1106
6 1112
3 1113
6 1124
3 1125
6 1129
3 1130
6 1145
3 1154
3 1155
6 1158
3 1159
6 1165
3 1180
3 1181
6 1182
8 1194
3 1195
6 1200
3 1202
3 1205
3 1207
3 1209
3 1210
6 1212
3 1218
3 1219
6 1223
3 1225
3 1233
3 1236
3 1246
3 1249
3 1251
3 1252
6 1272
3 1276
3 1278
3 1281
3 1282
6 1298
3 1302
3 1304
3 1305
6 1310
3 1322
3 1323
6 1324
8 1332
3 1337
3 1338
6 1352
3 1353
6 1357
3 1358
6 1362
3 1366
3 1367
6 1372
3 1375
3 1380
3 1382
3 1384
3 1385
6 1388
3 1389
6 1397
3 1399
3 1400
6 1402
3 1403
6 1405
3 1407
3 1408
6 1416
3 1417
6 1427
3 1431
3 1432
6 1450
3 1453
3 1454
6 1456
3 1458
3 1460
3 1464
3 1465
6 1473
3 1479
3 1490
3 1492
3 1493
6 1494
8 1503
3 1505
3 1509
3 1512
3 1514
3 1515
6 1518
3 1523
3 1525
3 1530
3 1533
3 1541
3 1542
6 1545
3 1550
3 1557
3 1558
6 1571
3 1573
3 1577
3 1578
6 1591
3 1598
3 1600
3 1604
3 1608
3 1609
6 1623
3 1625
6 1644
3 1645
6 1659
3 1661
3 1662
6 1663
8 1682
3 1683
6 1684
8 1692
3 1694
3 1695
6 1700
3 1701
6 1705
3 1709
3 1712
3 1720
3 1725
3 1727
3 1730
3 1731
6 1734
3 1735
6 1736
8 1752
3 1755
3 1758
3 1759
6 1791
3 1795
3 1796
6 1801
3 1803
3 1805
3 1808
3 1810
3 1813
3 1815
3 1816
6 1819
3 1822
3 1823
6 1824
8 1836
3 1841
3 1842
6 1849
3 1851
3 1861
3 1862
6 1864
3 1869
3 1871
3 1873
3 1877
3 1878
6 1883
3 1884
6 1898
3 1899
6 1901
3 1905
3 1907
3 1910
3 1916
3 1918
3 1923
3 1924
6 1926
3 1929
3 1930
6 1942
3 1943
6 1954
3 1955
6 1967
3 1971
3 1972
6 1979
3 1980
6 1982
3 1983
6 1988
3 1989
6 2004
3 2009
3 2011
3 2013
3 2014
6 2015
8 2016
10 2025
3 2026
6 2036
3 2042
3 2043
6 2045
3 2047
3 2049
3 2051
3 2056
3 2057
6 2061
3 2063
6 2074
3 2077
3 2078
6 2093
3 2095
3 2098
3 2100
3 2103
3 2104
6 2107
3 2110
3 2111
6 2130
3 2131
6 2132
8 2133
10 2145
3 2150
3 2152
3 2154
3 2156
3 2160
3 2161
6 2175
3 2181
3 2185
3 2186
6 2190
3 2191
6 2197
3 2200
3 2203
3 2206
3 2219
3 2220
6 2228
3 2231
3 2233
3 2236
3 2238
3 2241
3 2243
3 2246
3 2249
3 2250
6 2262
3 2263
6 2274
3 2276
3 2278
3 2279
6 2280
8 2339
3 2340
6 2356
3 2358
3 2359
6 2363
3 2370
3 2371
6 2379
3 2385
3 2387
3 2390
3 2392
6 2424
3 2425
6 2426
8 2486
3 2489
3 2492
3 2494
3 2495
6 2499
3 2502
3 2503
6 2513
3 2517
3 2521
3 2523
3 2526
3 2531
3 2532
6 2536
3 2537
6 2543
3 2545
3 2549
3 2553
3 2555
3 2562
3 2567
3 2569
3 2572
3 2574
3 2577
3 2579
3 2580
6 2581
8 2600
3 2606
3 2609
3 2611
3 2612
6 2616
3 2618
3 2621
3 2623
3 2624
6 2626
3 2627
6 2634
3 2635
6 2637
3 2639
3 2641
3 2643
3 2645
3 2648
3 2657
3 2658
6 2659
8 2679
3 2680
6 2692
3 2694
3 2695
6 2696
8 2700
3 2701
6 2705
3 2706
6 2715
3 2718
3 2722
3 2727
3 2732
3 2739
3 2743
3 2744
6 2745
8 2761
3 2762
6 2763
8 2772
3 2775
3 2776
6 2782
3 2783
6 2792
3 2793
6 2812
3 2816
3 2818
3 2821
3 2827
3 2831
3 2836
3 2839
3 2843
3 2844
6 2846
3 2851
3 2852
6 2864
3 2865
6 2875
3 2877
3 2882
3 2884
3 2887
3 2891
3 2894
3 2899
3 2901
3 2905
3 2907
3 2908
6 2911
3 2914
3 2917
3 2919
3 2922
3 2927
3 2939
3 2940
6 2942
3 2943
6 2965
3 2971
3 2974
3 2978
3 2984
3 2985
6 2992
3 2993
6 3000
3 3007
3 3008
6 3015
3 3016
6 3026
3 3030
3 3033
3 3034
6 3039
3 3042
3 3044
3 3047
3 3054
3 3055
6 3062
3 3066
3 3067
6 3077
3 3080
3 3081
6 3083
3 3084
6 3091
3 3100
3 3105
3 3111
3 3112
6 3117
3 3120
3 3123
3 3126
3 3129
3 3130
6 3135
3 3136
6 3138
3 3140
3 3142
3 3143
6 3153
3 3154
6 3178
3 3180
3 3182
3 3185
3 3187
3 3188
6 3200
3 3204
3 3205
6 3215
3 3216
6 3228
3 3233
3 3238
3 3248
3 3249
6 3257
3 3258
6 3260
3 3263
3 3266
3 3270
3 3272
3 3275
3 3277
3 3280
3 3282
3 3290
3 3291
6 3320
3 3324
3 3326
3 3328
3 3334
3 3336
3 3337
6 3339
3 3344
3 3349
3 3350
6 3364
3 3367
3 3368
6 3376
3 3383
3 3385
3 3392
3 3393
6 3394
8 3399
3 3402
3 3404
3 3406
3 3407
6 3408
8 3444
3 3446
3 3449
3 3454
3 3455
6 3465
3 3468
3 3470
3 3472
3 3473
6 3475
3 3478
3 3482
3 3484
3 3487
3 3491
3 3492
6 3493
8 3508
3 3509
6 3513
3 3517
3 3518
6 3557
3 3559
3 3563
3 3573
3 3575
3 3577
3 3578
6 3583
3 3585
3 3593
3 3596
3 3597
6 3617
3 3624
3 3625
6 3628
3 3629
6 3635
3 3646
3 3648
3 3654
3 3656
3 3659
3 3662
3 3663
6 3668
3 3675
3 3676
6 3679
3 3681
3 3685
3 3689
3 3690
6 3696
3 3698
3 3699
6 3700
8 3703
3 3704
6 3722
3 3724
3 3726
3 3728
3 3729
6 3753
3 3756
3 3757
6 3759
3 3761
3 3762
6 3763
8 3772
3 3776
3 3777
6 3778
8 3835
3 3838
3 3847
3 3848
1 3849
3 1
6 19
3 22
3 24
3 29
3 33
3 36
3 37
6 44
3 51
3 55
3 57
3 60
3 62
3 67
3 78
3 82
3 83
6 95
3 96
6 103
3 104
6 107
3 108
6 113
3 114
6 117
3 122
3 124
3 125
6 144
3 145
6 153
3 157
3 158
6 160
3 161
6 169
3 171
3 172
6 175
3 179
3 180
6 192
3 194
3 201
3 202
6 209
3 210
6 218
3 219
6 223
3 228
3 229
6 230
8 234
3 235
6 241
3 242
6 243
8 284
3 285
6 286
8 290
3 295
3 298
3 300
3 302
3 304
3 306
3 309
3 314
3 316
3 319
3 322
3 326
3 327
6 331
3 332
6 344
3 350
3 352
3 362
3 363
6 367
3 368
6 371
3 373
3 375
3 376
6 387
3 394
3 395
6 396
8 400
3 408
3 410
3 411
6 412
8 421
3 422
6 436
3 439
3 445
3 448
3 450
3 451
6 462
3 463
6 476
3 485
3 486
6 497
3 500
3 501
6 510
3 513
3 514
6 515
8 524
3 525
6 537
3 538
6 541
3 542
6 549
3 551
3 554
3 559
3 560
6 564
3 565
6 572
3 574
3 584
3 585
6 589
3 593
3 594
6 596
3 597
6 598
8 600
3 601
6 604
3 605
6 609
3 610
6 626
3 629
3 630
6 648
3 654
3 656
3 657
6 670
3 676
3 677
6 706
3 707
6 711
3 712
6 718
3 719
6 723
3 730
3 733
3 734
6 737
3 743
3 744
6 752
3 756
3 760
3 762
6 770
3 772
3 777
3 778
6 783
3 785
3 787
3 790
3 791
6 794
3 799
3 801
3 804
3 806
3 807
6 824
3 829
3 831
3 833
3 835
3 837
3 839
3 840
6 847
3 851
3 853
3 858
3 860
3 863
3 865
3 870
3 872
3 875
3 876
6 882
3 884
3 885
6 891
3 892
6 899
3 903
3 907
3 914
3 915
6 917
3 929
3 930
6 958
3 959
6 967
3 968
6 977
3 979
3 980
6 997
3 998
6 1003
3 1008
3 1013
3 1014
6 1018
3 1025
3 1027
3 1028
6 1030
3 1031
6 1032
8 1033
10 1057
3 1058
6 1060
3 1066
3 1068
3 1070
3 1071
6 1096
3 1101
3 1105
3 1106
6 1112
3 1113
6 1124
3 1125
6 1129
3 1130
6 1145
3 1154
3 1155
6 1158
3 1159
6 1165
3 1180
3 1181
6 1182
8 1194
3 1195
6 1200
3 1202
3 1205
3 1207
3 1209
3 1210
6 1212
3 1218
3 1219
6 1223
3 1225
3 1233
3 1236
3 1246
3 1249
3 1251
3 1252
6 1272
3 1276
3 1278
3 1281
3 1282
6 1298
3 1302
3 1304
3 1305
6 1310
3 1322
3 1323
6 1324
8 1332
3 1337
3 1338
6 1352
3 1353
6 1357
3 1358
6 1362
3 1366
3 1367
6 1372
3 1375
3 1380
3 1382
3 1384
3 1385
6 1388
3 1389
6 1397
3 1399
3 1400
6 1402
3 1403
6 1405
3 1407
3 1408
6 1416
3 1417
6 1427
3 1431
3 1432
6 1450
3 1453
3 1454
6 1456
3 1458
3 1460
3 1464
3 1465
6 1473
3 1479
3 1490
3 1492
3 1493
6 1494
8 1503
3 1505
3 1509
3 1512
3 1514
3 1515
6 1518
3 1523
3 1525
3 1530
3 1533
3 1541
3 1542
6 1545
3 1550
3 1557
3 1558
6 1571
3 1573
3 1577
3 1578
6 1591
3 1598
3 1600
3 1604
3 1608
3 1609
6 1623
3 1625
6 1644
3 1645
6 1659
3 1661
3 1662
6 1663
8 1682
3 1683
6 1684
8 1692
3 1694
3 1695
6 1700
3 1701
6 1705
3 1709
3 1712
3 1720
3 1725
3 1727
3 1730
3 1731
6 1734
3 1735
6 1736
8 1752
3 1755
3 1758
3 1759
6 1791
3 1795
3 1796
6 1801
3 1803
3 1805
3 1808
3 1810
3 1813
3 1815
3 1816
6 1819
3 1822
3 1823
6 1824
8 1836
3 1841
3 1842
6 1849
3 1851
3 1861
3 1862
6 1864
3 1869
3 1871
3 1873
3 1877
3 1878
6 1883
3 1884
6 1898
3 1899
6 1901
3 1905
3 1907
3 1910
3 1916
3 1918
3 1923
3 1924
6 1926
3 1929
3 1930
6 1942
3 1943
6 1954
3 1955
6 1967
3 1971
3 1972
6 1979
3 1980
6 1982
3 1983
6 1988
3 1989
6 2004
3 2009
3 2011
3 2013
3 2014
6 2015
8 2016
10 2025
3 2026
6 2036
3 2042
3 2043
6 2045
3 2047
3 2049
3 2051
3 2056
3 2057
6 2061
3 2063
6 2074
3 2077
3 2078
6 2093
3 2095
3 2098
3 2100
3 2103
3 2104
6 2107
3 2110
3 2111
6 2130
3 2131
6 2132
8 2133
10 2145
3 2150
3 2152
3 2154
3 2156
3 2160
3 2161
6 2175
3 2181
3 2185
3 2186
6 2190
3 2191
6 2197
3 2200
3 2203
3 2206
3 2219
3 2220
6 2228
3 2231
3 2233
3 2236
3 2238
3 2241
3 2243
3 2246
3 2249
3 2250
6 2262
3 2263
6 2274
3 2276
3 2278
3 2279
6 2280
8 2339
3 2340
6 2356
3 2358
3 2359
6 2363
3 2370
3 2371
6 2379
3 2385
3 2387
3 2390
3 2392
6 2424
3 2425
6 2426
8 2486
3 2489
3 2492
3 2494
3 2495
6 2499
3 2502
3 2503
6 2513
3 2517
3 2521
3 2523
3 2526
3 2531
3 2532
6 2536
3 2537
6 2543
3 2545
3 2549
3 2553
3 2555
3 2562
3 2567
3 2569
3 2572
3 2574
3 2577
3 2579
3 2580
6 2581
8 2600
3 2606
3 2609
3 2611
3 2612
6 2616
3 2618
3 2621
3 2623
3 2624
6 2626
3 2627
6 2634
3 2635
6 2637
3 2639
3 2641
3 2643
3 2645
3 2648
3 2657
3 2658
6 2659
8 2679
3 2680
6 2692
3 2694
3 2695
6 2696
8 2700
3 2701
6 2705
3 2706
6 2715
3 2718
3 2722
3 2727
3 2732
3 2739
3 2743
3 2744
6 2745
8 2761
3 2762
6 2763
8 2772
3 2775
3 2776
6 2782
3 2783
6 2792
3 2793
6 2812
3 2816
3 2818
3 2821
3 2827
3 2831
3 2836
3 2839
3 2843
3 2844
6 2846
3 2851
3 2852
6 2864
3 2865
6 2875
3 2877
3 2882
3 2884
3 2887
3 2891
3 2894
3 2899
3 2901
3 2905
3 2907
3 2908
6 2911
3 2914
3 2917
3 2919
3 2922
3 2927
3 2939
3 2940
6 2942
3 2943
6 2965
3 2971
3 2974
3 2978
3 2984
3 2985
6 2992
3 2993
6 3000
3 3007
3 3008
6 3015
3 3016
6 3026
3 3030
3 3033
3 3034
6 3039
3 3042
3 3044
3 3047
3 3054
3 3055
6 3062
3 3066
3 3067
6 3077
3 3080
3 3081
6 3083
3 3084
6 3091
3 3100
3 3105
3 3111
3 3112
6 3117
3 3120
3 3123
3 3126
3 3129
3 3130
6 3135
3 3136
6 3138
3 3140
3 3142
3 3143
6 3153
3 3154
6 3178
3 3180
3 3182
3 3185
3 3187
3 3188
6 3200
3 3204
3 3205
6 3215
3 3216
6 3228
3 3233
3 3238
3 3248
3 3249
6 3257
3 3258
6 3260
3 3263
3 3266
3 3270
3 3272
3 3275
3 3277
3 3280
3 3282
3 3290
3 3291
6 3320
3 3324
3 3326
3 3328
3 3334
3 3336
3 3337
6 3339
3 3344
3 3349
3 3350
6 3364
3 3367
3 3368
6 3376
3 3383
3 3385
3 3392
3 3393
6 3394
8 3399
3 3402
3 3404
3 3406
3 3407
6 3408
8 3444
3 3446
3 3449
3 3454
3 3455
6 3465
3 3468
3 3470
3 3472
3 3473
6 3475
3 3478
3 3482
3 3484
3 3487
3 3491
3 3492
6 3493
8 3508
3 3509
6 3513
3 3517
3 3518
6 3557
3 3559
3 3563
3 3573
3 3575
3 3577
3 3578
6 3583
3 3585
3 3593
3 3596
3 3597
6 3617
3 3624
3 3625
6 3628
3 3629
6 3635
3 3646
3 3648
3 3654
3 3656
3 3659
3 3662
3 3663
6 3668
3 3675
3 3676
6 3679
3 3681
3 3685
3 3689
3 3690
6 3696
3 3698
3 3699
6 3700
8 3703
3 3704
6 3722
3 3724
3 3726
3 3728
3 3729
6 3753
3 3756
3 3757
6 3759
3 3761
3 3762
6 3763
8 3772
3 3776
3 3777
6 3778
8 3835
3 3838
3 3847
3 3848
6 3857
3 3861
3 3862
6 3870
3 3874
3 3875
6 3880
3 3881
6 3888
3 3894
3 3895
6 3905
3 3906
6 3910
3 3912
3 3914
3 3918
3 3920
3 3921
6 3925
3 3927
3 3938
3 3939
6 3942
3 3948
3 3950
3 3952
3 3953
6 3955
3 3963
3 3964
6 3971
3 3972
6 3977
3 3978
6 3986
3 3987
6 3995
3 3999
3 4001
3 4007
3 4008
6 4012
3 4014
3 4015
6 4019
3 4021
3 4022
6 4032
3 4042
3 4045
3 4046
6 4052
3 4053
6 4055
3 4060
3 4061
6 4066
3 4072
3 4073
6 4076
3 4079
3 4089
3 4092
3 4094
3 4096
6 4101
3 4102
6 4106
3 4107
6 4109
3 4114
3 4115
6 4116
8 4125
3 4131
3 4132
6 4134
3 4135
6 4147
3 4148
6 4151
3 4152
6 4156
3 4157
6 4181
3 4183
3 4188
3 4191
3 4194
3 4196
3 4197
6 4199
3 4203
3 4207
3 4211
3 4213
3 4215
3 4217
3 4218
6 4223
3 4227
3 4229
3 4231
3 4235
3 4239
3 4242
3 4243
6 4255
3 4259
3 4260
6 4262
3 4265
3 4269
3 4271
3 4274
3 4277
3 4278
6 4305
3 4307
3 4308
6 4310
3 4311
6 4315
3 4316
6 4317
8 4349
3 4350
6 4352
3 4353
6 4359
3 4360
6 4369
3 4371
3 4372
6 4375
3 4380
3 4381
6 4383
3 4384
6 4385
8 4386
10 4387
11 4402
3 4403
6 4409
3 4410
6 4414
3 4415
6 4431
3 4436
3 4438
3 4446
3 4449
3 4456
3 4457
6 4459
3 4462
3 4463
6 4470
3 4471
6 4474
3 4475
6 4487
3 4492
3 4493
6 4496
3 4497
6 4503
3 4505
3 4513
3 4517
3 4519
3 4521
3 4522
6 4524
3 4528
3 4530
3 4531
6 4532
8 4574
3 4577
3 4581
3 4584
3 4585
6 4586
8 4588
3 4590
3 4593
3 4596
3 4599
3 4606
3 4608
3 4609
6 4613
3 4614
6 4618
3 4619
6 4622
3 4625
3 4626
6 4632
3 4633
6 4635
3 4639
3 4640
6 4653
3 4654
6 4658
3 4661
3 4665
3 4668
3 4673
3 4674
6 4677
3 4679
3 4680
6 4686
3 4687
6 4711
3 4713
3 4714
6 4715
1 4728
3 1
6 19
3 22
3 24
3 29
3 33
3 36
3 37
6 44
3 51
3 55
3 57
3 60
3 62
3 67
3 78
3 82
3 83
6 95
3 96
6 103
3 104
6 107
3 108
6 113
3 114
6 117
3 122
3 124
3 125
6 144
3 145
6 153
3 157
3 158
6 160
3 161
6 169
3 171
3 172
6 175
3 179
3 180
6 192
3 194
3 201
3 202
6 209
3 210
6 218
3 219
6 223
3 228
3 229
6 230
8 234
3 235
6 241
3 242
6 243
8 284
3 285
6 286
8 290
3 295
3 298
3 300
3 302
3 304
3 306
3 309
3 314
3 316
3 319
3 322
3 326
3 327
6 331
3 332
6 344
3 350
3 352
3 362
3 363
6 367
3 368
6 371
3 373
3 375
3 376
6 387
3 394
3 395
6 396
8 400
3 408
3 410
3 411
6 412
8 421
3 422
6 436
3 439
3 445
3 448
3 450
3 451
6 462
3 463
6 476
3 485
3 486
6 497
3 500
3 501
6 510
3 513
3 514
6 515
8 524
3 525
6 537
3 538
6 541
3 542
6 549
3 551
3 554
3 559
3 560
6 564
3 565
6 572
3 574
3 584
3 585
6 589
3 593
3 594
6 596
3 597
6 598
8 600
3 601
6 604
3 605
6 609
3 610
6 626
3 629
3 630
6 648
3 654
3 656
3 657
6 670
3 676
3 677
6 706
3 707
6 711
3 712
6 718
3 719
6 723
3 730
3 733
3 734
6 737
3 743
3 744
6 752
3 756
3 760
3 762
6 770
3 772
3 777
3 778
6 783
3 785
3 787
3 790
3 791
6 794
3 799
3 801
3 804
3 806
3 807
6 824
3 829
3 831
3 833
3 835
3 837
3 839
3 840
6 847
3 851
3 853
3 858
3 860
3 863
3 865
3 870
3 872
3 875
3 876
6 882
3 884
3 885
6 891
3 892
6 899
3 903
3 907
3 914
3 915
6 917
3 929
3 930
6 958
3 959
6 967
3 968
6 977
3 979
3 980
6 997
3 998
6 1003
3 1008
3 1013
3 1014
6 1018
3 1025
3 1027
3 1028
6 1030
3 1031
6 1032
8 1033
10 1057
3 1058
6 1060
3 1066
3 1068
3 1070
3 1071
6 1096
3 1101
3 1105
3 1106
6 1112
3 1113
6 1124
3 1125
6 1129
3 1130
6 1145
3 1154
3 1155
6 1158
3 1159
6 1165
3 1180
3 1181
6 1182
8 1194
3 1195
6 1200
3 1202
3 1205
3 1207
3 1209
3 1210
6 1212
3 1218
3 1219
6 1223
3 1225
3 1233
3 1236
3 1246
3 1249
3 1251
3 1252
6 1272
3 1276
3 1278
3 1281
3 1282
6 1298
3 1302
3 1304
3 1305
6 1310
3 1322
3 1323
6 1324
8 1332
3 1337
3 1338
6 1352
3 1353
6 1357
3 1358
6 1362
3 1366
3 1367
6 1372
3 1375
3 1380
3 1382
3 1384
3 1385
6 1388
3 1389
6 1397
3 1399
3 1400
6 1402
3 1403
6 1405
3 1407
3 1408
6 1416
3 1417
6 1427
3 1431
3 1432
6 1450
3 1453
3 1454
6 1456
3 1458
3 1460
3 1464
3 1465
6 1473
3 1479
3 1490
3 1492
3 1493
6 1494
8 1503
3 1505
3 1509
3 1512
3 1514
3 1515
6 1518
3 1523
3 1525
3 1530
3 1533
3 1541
3 1542
6 1545
3 1550
3 1557
3 1558
6 1571
3 1573
3 1577
3 1578
6 1591
3 1598
3 1600
3 1604
3 1608
3 1609
6 1623
3 1625
6 1644
3 1645
6 1659
3 1661
3 1662
6 1663
8 1682
3 1683
6 1684
8 1692
3 1694
3 1695
6 1700
3 1701
6 1705
3 1709
3 1712
3 1720
3 1725
3 1727
3 1730
3 1731
6 1734
3 1735
6 1736
8 1752
3 1755
3 1758
3 1759
6 1791
3 1795
3 1796
6 1801
3 1803
3 1805
3 1808
3 1810
3 1813
3 1815
3 1816
6 1819
3 1822
3 1823
6 1824
8 1836
3 1841
3 1842
6 1849
3 1851
3 1861
3 1862
6 1864
3 1869
3 1871
3 1873
3 1877
3 1878
6 1883
3 1884
6 1898
3 1899
6 1901
3 1905
3 1907
3 1910
3 1916
3 1918
3 1923
3 1924
6 1926
3 1929
3 1930
6 1942
3 1943
6 1954
3 1955
6 1967
3 1971
3 1972
6 1979
3 1980
6 1982
3 1983
6 1988
3 1989
6 2004
3 2009
3 2011
3 2013
3 2014
6 2015
8 2016
10 2025
3 2026
6 2036
3 2042
3 2043
6 2045
3 2047
3 2049
3 2051
3 2056
3 2057
6 2061
3 2063
6 2074
3 2077
3 2078
6 2093
3 2095
3 2098
3 2100
3 2103
3 2104
6 2107
3 2110
3 2111
6 2130
3 2131
6 2132
8 2133
10 2145
3 2150
3 2152
3 2154
3 2156
3 2160
3 2161
6 2175
3 2181
3 2185
3 2186
6 2190
3 2191
6 2197
3 2200
3 2203
3 2206
3 2219
3 2220
6 2228
3 2231
3 2233
3 2236
3 2238
3 2241
3 2243
3 2246
3 2249
3 2250
6 2262
3 2263
6 2274
3 2276
3 2278
3 2279
6 2280
8 2339
3 2340
6 2356
3 2358
3 2359
6 2363
3 2370
3 2371
6 2379
3 2385
3 2387
3 2390
3 2392
6 2424
3 2425
6 2426
8 2486
3 2489
3 2492
3 2494
3 2495
6 2499
3 2502
3 2503
6 2513
3 2517
3 2521
3 2523
3 2526
3 2531
3 2532
6 2536
3 2537
6 2543
3 2545
3 2549
3 2553
3 2555
3 2562
3 2567
3 2569
3 2572
3 2574
3 2577
3 2579
3 2580
6 2581
8 2600
3 2606
3 2609
3 2611
3 2612
6 2616
3 2618
3 2621
3 2623
3 2624
6 2626
3 2627
6 2634
3 2635
6 2637
3 2639
3 2641
3 2643
3 2645
3 2648
3 2657
3 2658
6 2659
8 2679
3 2680
6 2692
3 2694
3 2695
6 2696
8 2700
3 2701
6 2705
3 2706
6 2715
3 2718
3 2722
3 2727
3 2732
3 2739
3 2743
3 2744
6 2745
8 2761
3 2762
6 2763
8 2772
3 2775
3 2776
6 2782
3 2783
6 2792
3 2793
6 2812
3 2816
3 2818
3 2821
3 2827
3 2831
3 2836
3 2839
3 2843
3 2844
6 2846
3 2851
3 2852
6 2864
3 2865
6 2875
3 2877
3 2882
3 2884
3 2887
3 2891
3 2894
3 2899
3 2901
3 2905
3 2907
3 2908
6 2911
3 2914
3 2917
3 2919
3 2922
3 2927
3 2939
3 2940
6 2942
3 2943
6 2965
3 2971
3 2974
3 2978
3 2984
3 2985
6 2992
3 2993
6 3000
3 3007
3 3008
6 3015
3 3016
6 3026
3 3030
3 3033
3 3034
6 3039
3 3042
3 3044
3 3047
3 3054
3 3055
6 3062
3 3066
3 3067
6 3077
3 3080
3 3081
6 3083
3 3084
6 3091
3 3100
3 3105
3 3111
3 3112
6 3117
3 3120
3 3123
3 3126
3 3129
3 3130
6 3135
3 3136
6 3138
3 3140
3 3142
3 3143
6 3153
3 3154
6 3178
3 3180
3 3182
3 3185
3 3187
3 3188
6 3200
3 3204
3 3205
6 3215
3 3216
6 3228
3 3233
3 3238
3 3248
3 3249
6 3257
3 3258
6 3260
3 3263
3 3266
3 3270
3 3272
3 3275
3 3277
3 3280
3 3282
3 3290
3 3291
6 3320
3 3324
3 3326
3 3328
3 3334
3 3336
3 3337
6 3339
3 3344
3 3349
3 3350
6 3364
3 3367
3 3368
6 3376
3 3383
3 3385
3 3392
3 3393
6 3394
8 3399
3 3402
3 3404
3 3406
3 3407
6 3408
8 3444
3 3446
3 3449
3 3454
3 3455
6 3465
3 3468
3 3470
3 3472
3 3473
6 3475
3 3478
3 3482
3 3484
3 3487
3 3491
3 3492
6 3493
8 3508
3 3509
6 3513
3 3517
3 3518
6 3557
3 3559
3 3563
3 3573
3 3575
3 3577
3 3578
6 3583
3 3585
3 3593
3 3596
3 3597
6 3617
3 3624
3 3625
6 3628
3 3629
6 3635
3 3646
3 3648
3 3654
3 3656
3 3659
3 3662
3 3663
6 3668
3 3675
3 3676
6 3679
3 3681
3 3685
3 3689
3 3690
6 3696
3 3698
3 3699
6 3700
8 3703
3 3704
6 3722
3 3724
3 3726
3 3728
3 3729
6 3753
3 3756
3 3757
6 3759
3 3761
3 3762
6 3763
8 3772
3 3776
3 3777
6 3778
8 3835
3 3838
3 3847
3 3848
6 3857
3 3861
3 3862
6 3870
3 3874
3 3875
6 3880
3 3881
6 3888
3 3894
3 3895
6 3905
3 3906
6 3910
3 3912
3 3914
3 3918
3 3920
3 3921
6 3925
3 3927
3 3938
3 3939
6 3942
3 3948
3 3950
3 3952
3 3953
6 3955
3 3963
3 3964
6 3971
3 3972
6 3977
3 3978
6 3986
3 3987
6 3995
3 3999
3 4001
3 4007
3 4008
6 4012
3 4014
3 4015
6 4019
3 4021
3 4022
6 4032
3 4042
3 4045
3 4046
6 4052
3 4053
6 4055
3 4060
3 4061
6 4066
3 4072
3 4073
6 4076
3 4079
3 4089
3 4092
3 4094
3 4096
6 4101
3 4102
6 4106
3 4107
6 4109
3 4114
3 4115
6 4116
8 4125
3 4131
3 4132
6 4134
3 4135
6 4147
3 4148
6 4151
3 4152
6 4156
3 4157
6 4181
3 4183
3 4188
3 4191
3 4194
3 4196
3 4197
6 4199
3 4203
3 4207
3 4211
3 4213
3 4215
3 4217
3 4218
6 4223
3 4227
3 4229
3 4231
3 4235
3 4239
3 4242
3 4243
6 4255
3 4259
3 4260
6 4262
3 4265
3 4269
3 4271
3 4274
3 4277
3 4278
6 4305
3 4307
3 4308
6 4310
3 4311
6 4315
3 4316
6 4317
8 4349
3 4350
6 4352
3 4353
6 4359
3 4360
6 4369
3 4371
3 4372
6 4375
3 4380
3 4381
6 4392
3 4396
3 4397
6 4398
8 4408
3 4410
3 4415
3 4417
3 4418
6 4419
8 4423
3 4425
3 4426
6 4437
3 4453
3 4456
3 4458
3 4463
3 4464
6 4473
3 4474
6 4476
3 4479
3 4480
6 4487
3 4490
3 4492
3 4493
6 4494
8 4524
3 4525
6 4548
3 4551
3 4556
3 4558
3 4560
3 4561
6 4575
3 4579
3 4580
6 4596
3 4597
6 4599
3 4600
6 4615
3 4616
6 4619
3 4620
6 4632
3 4635
3 4636
6 4639
3 4641
3 4643
3 4649
3 4654
3 4655
6 4657
3 4660
3 4661
6 4662
8 4679
3 4680
6 4704
3 4706
3 4707
6 4708
1 4718
