3 1
6 2
9 7
3 8
6 12
3 13
6 15
3 16
6 18
3 21
3 22
6 23
8 29
3 30
6 31
8 34
3 35
6 37
3 38
6 39
8 40
10 43
3 44
6 46
3 47
6 50
3 51
6 53
3 54
6 55
8 58
3 59
6 60
8 61
10 62
11 63
12 67
3 68
6 69
9 70
10 71
11 75
3 76
6 78
3 79
6 80
8 81
10 86
3 89
3 90
6 91
8 95
3 96
6 97
8 101
3 103
3 106
3 107
6 110
3 111
6 112
8 116
3 117
6 119
3 120
6 121
8 122
10 123
11 125
3 127
3 128
6 129
8 132
3 135
3 138
3 139
6 140
8 142
3 144
3 146
3 147
6 148
8 153
3 155
3 157
3 158
6 159
8 165
3 166
6 167
8 170
3 171
6 172
8 175
3 177
3 179
3 180
6 182
3 183
6 184
8 185
10 189
3 190
6 192
3 194
3 195
6 196
8 200
3 201
6 203
3 205
3 206
6 209
3 210
6 212
3 213
6 214
8 215
10 220
3 221
6 222
8 223
10 227
3 228
6 229
8 231
3 232
6 233
8 234
10 235
11 237
3 238
6 239
8 240
10 242
3 243
6 244
8 246
3 247
6 248
8 249
10 253
3 254
6 255
8 257
3 258
6 259
8 263
3 265
3 267
3 268
6 271
3 272
6 273
8 278
3 279
6 280
8 281
10 284
3 286
3 287
6 288
8 289
10 291
3 292
6 294
3 296
3 297
6 299
3 300
6 301
8 305
3 306
6 309
3 310
6 312
3 316
3 317
6 318
8 320
3 321
6 322
8 325
3 326
6 329
3 331
3 333
3 334
6 335
8 340
3 341
6 343
3 346
3 347
6 348
8 351
3 352
6 355
3 356
6 357
8 358
10 364
3 365
6 366
8 367
10 368
11 379
3 381
3 382
6 384
3 385
6 386
8 388
3 389
6 390
8 392
3 394
3 395
6 397
3 398
6 400
3 401
6 403
3 404
6 409
3 410
6 414
3 415
6 417
3 419
3 422
3 423
6 424
8 429
3 430
6 433
3 434
6 435
8 436
10 437
11 439
3 440
6 442
3 443
6 445
3 446
6 447
8 449
3 450
6 453
3 456
3 457
6 459
3 460
6 462
3 463
6 464
8 465
10 468
3 469
6 471
3 472
6 473
8 474
10 476
3 477
6 480
3 481
6 483
3 484
6 485
8 489
3 490
6 492
3 493
6 494
8 495
10 498
3 499
6 500
8 501
10 502
11 504
3 506
3 507
6 508
8 514
3 515
6 519
3 520
6 522
3 523
6 525
3 526
6 531
3 532
6 533
8 534
10 535
11 537
3 538
6 539
8 540
10 548
3 549
6 550
8 551
10 556
3 557
6 558
8 559
10 566
3 567
6 570
3 572
3 574
3 576
3 577
6 578
8 580
3 581
6 582
8 584
3 585
6 586
8 588
3 590
3 591
6 592
8 593
10 594
11 596
3 597
6 598
8 601
3 602
6 603
8 604
10 606
3 608
3 610
3 611
6 614
3 615
6 616
8 618
3 619
6 620
8 621
10 624
3 625
6 629
3 630
6 633
3 634
6 637
3 640
3 641
6 643
3 644
6 645
8 646
10 648
3 650
3 652
3 653
6 654
8 657
3 658
6 660
3 661
6 664
3 665
6 666
8 667
10 668
11 669
12 670
13 673
3 676
3 678
3 679
6 680
8 681
10 682
11 684
3 685
6 687
3 689
3 690
6 692
3 694
3 695
6 696
8 699
3 700
6 702
3 703
6 705
3 706
6 707
8 711
3 712
6 716
3 717
6 721
3 722
6 723
8 724
10 725
11 728
3 732
3 733
6 734
8 736
3 739
3 740
6 741
8 742
10 745
3 746
6 748
3 749
6 751
3 752
6 758
3 760
3 761
6 762
8 763
10 768
3 769
6 774
3 775
6 776
8 779
3 780
6 781
8 783
3 784
6 785
8 786
10 788
3 790
3 792
3 794
3 795
6 796
8 797
10 798
11 799
12 803
3 804
6 809
3 811
3 815
3 816
6 821
3 822
6 824
3 826
3 827
6 828
8 830
3 831
6 832
8 833
10 837
3 838
6 839
8 842
3 843
6 844
8 846
3 847
6 849
3 850
6 851
8 853
3 854
6 861
3 863
3 865
3 866
6 867
8 870
3 872
3 873
6 875
3 876
6 880
3 882
3 883
6 884
8 885
10 886
11 892
3 893
6 894
8 895
10 897
3 898
6 899
8 900
10 907
3 908
6 909
8 912
3 913
6 914
8 915
10 916
11 919
3 921
3 923
3 927
3 929
3 931
3 932
6 933
8 934
10 935
11 939
3 940
6 941
8 942
10 944
3 945
6 946
8 949
3 950
6 952
3 953
6 954
8 955
10 961
3 962
6 963
8 965
3 966
6 967
8 969
3 970
6 972
3 973
6 975
3 976
6 978
3 979
6 981
3 984
3 985
6 986
8 989
3 991
3 992
6 993
8 998
3 999
6 1000
8 1002
3 1004
3 1005
6 1006
8 1011
3 1013
3 1014
6 1015
8 1018
3 1019
6 1020
8 1022
3 1023
6 1025
3 1026
6 1028
3 1031
3 1032
6 1033
8 1035
3 1036
6 1037
8 1038
10 1040
3 1041
6 1042
8 1046
3 1047
6 1048
8 1053
3 1055
3 1058
3 1059
6 1061
3 1063
3 1066
3 1067
6 1068
8 1070
3 1071
6 1072
8 1073
10 1074
11 1076
3 1077
6 1078
8 1079
10 1084
3 1085
6 1086
8 1095
3 1096
6 1097
8 1098
10 1099
11 1105
3 1106
6 1110
3 1111
6 1112
8 1114
3 1115
6 1117
3 1119
3 1121
3 1124
3 1125
6 1127
3 1128
6 1131
3 1134
3 1135
6 1136
8 1140
3 1141
6 1144
3 1145
6 1146
8 1147
10 1148
11 1149
12 1150
13 1151
14 1157
3 1158
6 1160
3 1161
6 1163
3 1165
3 1167
3 1168
6 1169
8 1171
3 1172
6 1177
3 1178
6 1179
8 1181
3 1182
6 1185
3 1187
3 1188
6 1189
8 1191
3 1192
6 1194
3 1195
6 1196
8 1197
10 1198
11 1199
12 1205
3 1207
3 1208
6 1210
3 1211
6 1212
8 1215
3 1216
6 1217
8 1220
3 1221
6 1226
3 1227
6 1228
8 1231
3 1232
6 1233
8 1236
3 1238
3 1239
6 1240
8 1241
10 1243
3 1244
6 1245
8 1247
3 1249
3 1250
6 1251
8 1252
10 1259
3 1261
3 1262
6 1263
8 1267
3 1268
6 1269
8 1270
10 1272
3 1273
6 1274
8 1278
3 1279
6 1280
8 1281
10 1284
3 1285
6 1287
3 1288
6 1292
3 1294
3 1295
6 1297
3 1300
3 1302
3 1303
6 1304
8 1307
3 1308
6 1309
8 1310
10 1313
3 1314
6 1315
8 1316
10 1318
3 1320
3 1321
6 1322
8 1325
3 1326
6 1327
8 1328
10 1329
11 1331
3 1332
6 1337
3 1338
6 1339
8 1341
3 1344
3 1345
6 1346
8 1347
10 1350
3 1352
3 1353
6 1355
3 1356
6 1357
8 1358
10 1360
3 1362
3 1363
6 1364
8 1367
3 1368
6 1369
8 1377
3 1379
3 1380
6 1385
3 1388
3 1389
6 1391
3 1392
6 1394
3 1395
6 1397
3 1399
3 1401
3 1402
6 1403
8 1409
3 1411
3 1412
6 1414
3 1415
6 1416
8 1417
10 1420
3 1422
3 1423
6 1425
3 1426
6 1427
8 1428
10 1431
3 1432
6 1434
3 1436
3 1438
3 1439
6 1441
3 1442
6 1444
3 1445
6 1446
8 1447
10 1452
3 1454
3 1455
6 1460
3 1461
6 1463
3 1464
6 1466
3 1467
6 1468
8 1470
3 1471
6 1472
8 1475
3 1476
6 1477
8 1481
3 1482
6 1484
3 1486
3 1487
6 1489
3 1490
6 1491
8 1492
10 1493
11 1495
3 1496
6 1499
3 1501
3 1503
3 1505
3 1506
6 1507
8 1508
10 1513
3 1515
3 1516
6 1520
3 1521
6 1524
3 1525
6 1526
8 1531
3 1532
6 1534
3 1535
6 1536
8 1540
3 1542
3 1543
6 1544
8 1545
10 1546
11 1549
3 1550
6 1551
8 1552
10 1554
3 1555
6 1556
8 1557
10 1558
11 1559
12 1563
3 1565
3 1566
6 1567
8 1571
3 1572
6 1573
8 1574
10 1575
11 1577
3 1578
6 1579
8 1581
3 1582
6 1583
8 1585
3 1586
6 1587
8 1588
10 1590
3 1591
6 1593
3 1594
6 1595
8 1597
3 1598
6 1599
8 1602
3 1603
6 1604
8 1606
3 1607
6 1609
3 1611
3 1612
6 1617
3 1618
6 1620
3 1622
3 1625
3 1627
3 1628
6 1630
3 1631
6 1632
8 1633
10 1634
11 1640
3 1641
6 1642
8 1643
10 1645
3 1646
6 1650
3 1651
6 1652
8 1653
10 1657
3 1658
6 1659
8 1661
3 1662
6 1668
3 1669
6 1670
8 1671
10 1675
3 1676
6 1682
3 1686
3 1687
6 1689
3 1690
6 1691
8 1694
3 1695
6 1700
3 1701
6 1703
3 1706
3 1707
6 1708
8 1711
3 1712
6 1716
3 1717
6 1719
3 1721
3 1722
6 1723
8 1724
10 1725
11 1726
12 1729
3 1730
6 1733
3 1735
3 1736
6 1738
3 1739
6 1742
3 1743
6 1745
3 1746
6 1750
3 1751
6 1752
8 1754
3 1755
6 1757
3 1758
6 1760
3 1762
3 1763
6 1764
8 1765
10 1768
3 1769
6 1770
8 1771
10 1774
3 1775
6 1776
8 1780
3 1781
6 1785
3 1787
3 1788
6 1789
8 1793
3 1794
6 1795
8 1798
3 1799
6 1803
3 1804
6 1806
3 1807
6 1808
8 1810
3 1812
3 1814
3 1815
6 1818
3 1821
3 1822
6 1823
8 1824
10 1827
3 1828
6 1829
8 1831
3 1832
6 1833
8 1835
3 1836
6 1838
3 1839
6 1841
3 1842
6 1843
8 1844
10 1849
3 1852
3 1855
3 1856
6 1859
3 1860
6 1862
3 1863
6 1866
3 1867
6 1870
3 1872
3 1873
6 1874
8 1875
10 1877
3 1878
6 1882
3 1883
6 1884
8 1888
3 1889
6 1891
3 1893
3 1894
6 1895
8 1896
10 1898
3 1900
3 1901
6 1902
8 1903
10 1910
3 1911
6 1914
3 1915
6 1917
3 1918
6 1924
3 1925
6 1926
8 1929
3 1930
6 1935
3 1936
6 1937
8 1938
10 1941
3 1942
6 1944
3 1945
6 1946
8 1947
10 1950
3 1953
3 1954
6 1955
8 1957
3 1958
6 1960
3 1961
6 1966
3 1967
6 1968
8 1970
3 1971
6 1972
8 1976
3 1978
3 1980
3 1981
6 1985
3 1986
6 1990
3 1992
3 1993
6 1995
3 1996
6 1997
8 1999
3 2000
6 2002
3 2004
3 2006
3 2007
6 2009
3 2010
6 2011
8 2012
10 2015
3 2016
6 2017
8 2020
3 2021
6 2022
8 2025
3 2026
6 2031
3 2032
6 2033
8 2038
3 2039
6 2040
8 2041
10 2044
3 2045
6 2047
3 2048
6 2050
3 2051
6 2055
3 2056
6 2058
3 2059
6 2060
8 2061
10 2064
3 2065
6 2067
3 2068
6 2069
8 2071
3 2072
6 2080
3 2081
6 2083
3 2084
6 2085
8 2086
10 2088
3 2090
3 2091
6 2092
8 2095
3 2097
3 2099
3 2100
6 2101
8 2102
10 2106
3 2107
6 2109
3 2110
6 2113
3 2114
6 2115
8 2116
10 2121
3 2122
6 2124
3 2125
6 2126
8 2129
3 2130
6 2131
8 2133
3 2134
6 2137
3 2138
6 2139
8 2141
3 2142
6 2144
3 2145
6 2147
3 2148
6 2150
3 2151
6 2156
3 2157
6 2158
8 2160
3 2161
6 2162
8 2163
10 2169
3 2170
6 2172
3 2175
3 2176
6 2179
3 2180
6 2181
8 2184
3 2185
6 2186
8 2187
10 2188
11 2190
3 2191
6 2193
3 2195
3 2196
6 2197
8 2199
3 2201
3 2202
6 2203
8 2204
10 2211
3 2212
6 2215
3 2216
6 2217
8 2218
10 2225
3 2226
6 2228
3 2229
6 2233
3 2235
3 2236
6 2237
8 2238
10 2239
11 2242
3 2244
3 2246
3 2247
6 2249
3 2251
3 2252
6 2253
8 2257
3 2258
6 2261
3 2262
6 2263
8 2264
10 2267
3 2268
6 2270
3 2271
6 2277
3 2280
3 2282
3 2283
6 2287
3 2290
3 2291
6 2292
8 2297
3 2299
3 2300
6 2301
8 2304
3 2305
6 2306
8 2309
3 2310
6 2311
8 2312
10 2313
11 2314
12 2315
13 2316
14 2320
3 2324
3 2325
6 2326
8 2329
3 2330
6 2331
8 2335
3 2338
3 2339
6 2342
3 2343
6 2346
3 2347
6 2348
8 2353
3 2354
6 2356
3 2357
6 2360
3 2361
6 2362
8 2363
10 2366
3 2367
6 2368
8 2369
10 2372
3 2374
3 2376
3 2377
6 2380
3 2381
6 2382
8 2384
3 2385
6 2387
3 2388
6 2390
3 2391
6 2395
3 2396
6 2397
8 2398
10 2399
11 2401
3 2402
6 2404
3 2408
3 2410
3 2411
6 2412
8 2413
2 2415
